loc,PHENO
185859,0.0181472007039116
777651,0.442938598880411
899514,0.317571983268969
146006,0.0798829176579643
465354,0.374447056953322
21679,0.115509737325648
216535,2.42889491786619
191533,0.246784835981447
282956,0.1017920372592
529025,0.330923549286675
41284,0.0090553345298966
44996,0.348682863703184
96591,0.163368755343388
110710,0.107648347979867
458792,0.354499699944365
535346,0.118335990734693
6640,0.794883784316837
996687,0.154710779833165
537521,0.28752989176929
585587,0.0983916578024172
25444,0.438974384284986
134409,0.250127069077184
244349,0.347517786917711
781226,0.0615760847696897
78443,0.00650371323440953
10653,0.106335404991722
231468,0.379233236295988
108022,0.202353392337143
16826,0.426870994330876
135336,1.14295889378424
160003,0.710945847662804
430854,0.12006848027277
